92054
41894
75763
34525
23080
80908
22691
45359
69956
80740
30440
77446
85752
63980
83257
62764
50248
77095
72797
3601
96401
35192
23113
33245
50310
276
32731
5904
10335
65931
91294
70233
86412
70146
54227
167
75781
73393
83933
30009
59808
80759
73033
9272
6379
88016
14697
97711
90686
71224
44652
89580
67785
84869
22251
39130
15078
34108
43647
86956
14140
57512
4389
69233
91243
80258
36345
98775
82683
38678
34507
92667
21233
67382
22103
33359
24264
59040
95982
93686
48133
71687
70310
69081
50862
31178
78618
32291
88928
13323
16687
33336
58921
52843
5378
96217
34837
22988
37069
54688
77248
64836
80144
5618
40120
69180
44562
85996
9175
60481
23306
73176
85319
88322
18050
98360
85818
99433
83228
60313
3461
45499
72559
93361
80740
47126
57540
98267
42656
83241
49309
14457
68337
75454
26249
74838
31564
76413
10113
85733
95027
2017
10391
62438
36478
12347
88146
94384
29927
72889
52128
35619
97228
81232
72819
22748
38523
39916
5406
23615
54191
30761
83363
96265
77145
55213
77436
55695
90341
26772
39564
61663
63333
18083
57127
17724
93150
43184
72088
22474
69156
42343
84970
18169
26678
74737
88484
93468
76959
93329
10715
33257
30063
22470
43194
80755
22486
49698
18517
69066
46399
91822
37545
87001
62519
92252
23285
26087
20472
4653
37164
83242
49815
35489
72050
61561
83641
64633
5438
54377
99621
32813
22418
65188
61846
90403
17970
67359
38883
27189
29345
39437
10542
20192
32672
8177
9002
21759
76883
56801
10540
25002
61707
13145
41694
94106
33279
81423
90410
27248
80935
69442
46964
13929
90146
46510
87704
92817
30132
41673
40341
42895
19898
90744
77408
5929
93724
17796
7492
76110
44925
12197
63277
936
7205
50407
11504
62516
94931
77157
97241
41206
17992
22878
58202
80405
18585
89544
66969
64314
62118
74432
96053
74857
88132
50568
7608
39396
55880
40771
79881
66421
95043
32121
25181
32307
28908
14888
19848
28717
59904
59853
5864
22646
49979
47671
45720
44084
89431
83020
44698
80857
9660
84657
78081
22752
17025
67040
66451
20278
91233
68683
1455
89982
1104
49412
75677
49559
42850
52054
27142
12275
56122
65939
92056
4661
67774
90934
86212
42141
8057
55023
75463
59648
71664
44562
48055
379
7771
19303
39906
58762
48682
25830
10971
76792
31441
26746
88883
5594
63058
78851
40898
20727
31630
56450
26149
65001
14413
73081
54831
63332
57284
60113
59860
70186
93635
41638
91652
2531
8277
75119
92146
5600
64701
26450
758
32568
65377
80315
64147
39912
15950
29015
65039
54218
93774
85752
28758
54363
45991
17983
15207
37441
99316
43163
18541
79897
66360
1497
13458
42343
61885
39985
80094
71203
33482
83216
950
45262
91166
75592
87251
58700
52121
34953
64416
75883
81033
81003
46737
12435
92380
63454
73543
86051
89500
8742
71021
43107
661
4222
26590
9165
60900
56063
31593
62792
2393
19627
89744
19298
80978
59922
36829
93299
9983
28972
92189
19241
71949
32684
24328
66224
69834
63330
45310
28680
38346
52093
23746
96466
39191
99285
27310
61418
45141
6661
63294
15205
49848
91076
31151
75631
96467
76331
30150
43846
16984
4791
482
3847
5767
668
23022
36160
7122
22505
53976
43104
63281
12006
84234
41443
26851
21916
66072
89486
99560
40775
66472
12549
88600
57960
57003
90285
34400
93067
91152
25278
81797
30729
79672
50791
98799
88482
44993
25601
57714
83928
76848
51788
53579
81426
39702
9141
69123
47449
86427
54747
94396
22646
17657
93694
17140
20176
24740
88720
28042
98474
31968
3678
32557
82879
13318
11768
72638
39286
80243
7676
93412
13699
62305
17955
21705
27242
34694
52842
86369
30625
37184
19566
4911
89171
8656
69387
83774
71008
73573
45423
49897
66716
31265
13853
3633
97689
94376
24950
32917
88700
64196
41808
16375
22404
29191
55603
75052
64309
31379
29571
52848
85225
61738
42691
1819
31025
82859
54002
57843
3551
98224
49664
37208
78712
74456
22457
27907
92624
31346
77372
80770
3421
42146
91182
96360
76072
69499
32098
75998
57686
60426
99924
80756
54379
91932
48025
20444
90890
63370
48710
67014
98718
44983
66185
66716
93350
6785
75929
39048
45191
69330
28013
3375
50324
38973
95129
428
23439
97257
45042
44339
7005
18854
52874
18326
48876
39668
33271
80077
53637
92984
56822
93512
87262
72471
97977
15821
53951
72421
33198
94191
51476
45155
46160
97206
55387
22856
255
33417
12675
71027
78767
11849
54283
78437
7557
90315
17653
49381
8409
4082
51510
15011
6872
17666
30928
22576
37650
12626
79254
21646
11100
69125
64454
33271
2356
74442
42228
30804
29302
16735
96665
8960
26176
76129
32863
70770
85299
36232
12356
87661
47736
65491
19555
81971
63114
15776
99264
76231
14790
2814
8368
8891
13130
98623
52190
61228
15053
91373
28472
25358
89511
29641
23360
19019
68443
98100
55735
29909
78767
13788
54031
8815
15652
5992
2784
64995
5890
53641
74629
28431
55454
57954
33421
81097
87360
66034
4538
55572
41234
84353
62910
8464
40590
30603
30802
71834
75132
95984
58597
25688
51737
10872
90973
53654
54085
72032
35362
99028
15326
19390
28851
94037
90770
22920
5153
63570
7785
72690
36786
99602
73448
27001
39556
49751
39447
48647
48137
79493
1036
75291
73705
61486
85633
86241
69177
25307
29702
80826
55194
42092
69868
48936
49394
79329
51025
18880
73865
67824
17705
57981
22427
10461
51706
47394
21756
42973
47541
59043
42704
61125
40128
8574
52182
15375
39958
71520
44615
52718
13840
7008
43059
12761
29807
99470
69260
5645
3347
82612
19100
68369
58615
74913
26494
73117
2284
29477
97643
94358
76950
44345
24636
48149
73052
74535
65287
42013
64210
96628
41799
11387
59450
59565
71899
22014
75633
63433
35828
20905
56715
31174
32954
66020
86296
89811
73345
10213
35081
8434
32198
76710
86007
28164
12175
19839
98998
86591
63185
18052
45659
74564
33003
55183
37211
29228
84101
31257
29264
2092
75352
30320
67532
26718
72630
54838
80402
72430
9381
24523
24020
64207
37390
4929
3717
83930
60771
95101
53828
84611
16189
69181
52864
77412
47885
22030
97778
1058
87001
87386
89578
28843
4838
29938
37190
42014
50907
41089
42796
72381
89668
39707
32319
73553
63516
51614
17472
18836
97534
8444
39141
19062
92436
63084
34109
93536
65384
97341
96371
57435
99508
99308
15649
21267
40062
69982
4032
3567
90915
78672
98204
62909
41523
5134
80195
21890
15337
87668
36413
24983
46944
20749
66299
9247
13157
37804
17607
80933
21067
86455
93351
25551
49438
99759
72585
41919
70118
26783
12766
65637
12776
29969
44422
66718
66787
42139
69305
46619
33869
65929
7233
72209
91173
57608
58807
45100
40518
93916
81560
11301
63377
67699
13619
53043
14983
87065
48608
5668
48616
7168
15765
91050
58497
70364
67952
70989
26377
12850
20968
47884
16967
73669
59425
59159
42513
24660
13123
94967
27110
67669
86995
84320
71480
77726
22809
81205
34515
12912
80956
80942
90120
70473
89434
83893
84170
20512
81917
20406
80492
49175
51714
24837
85370
64248
24180
89112
8689
1447
29435
68615
7435
2753
97345
36407
25285
30200
28614
38339
87419
71870
4721
91064
5292
74687
69668
74989
93095
47341
80786
23462
65940
9374
39348
86515
24278
78107
97991
79133
3118
57021
66840
86693
89199
41958
81057
73724
21685
23608
44204
91311
32361
53996
6919
44985
78834
74794
71020
99818
24966
16969
4312
92239
47820
26075
730
55907
34545
15508
95928
94814
30471
96359
42044
48076
61106
36893
34877
52683
88050
23194
1313
42596
48757
52754
92855
51747
74330
24937
91981
24708
2301
74377
95616
17978
67500
43284
30200
23419
30553
61295
16941
59825
88052
91295
43151
89713
36887
17827
76816
35443
19124
44629
68388
12477
70722
19485
94719
65556
67361
94517
29155
69772
67753
90603
12242
54864
74957
54520
20295
58167
18426
31995
84591
66005
41495
21194
69277
67225
92085
67654
49429
33559
19395
27337
17472
72043
22918
88543
89447
6941
14812
47079
79771
9614
76978
48612
86377
85308
26458
75340
64644
59813
71514
46166
63447
33711
3922
53626
87609
33744
17084
48509
93334
88175
79950
9544
19176
37798
30497
34772
25175
61974
43036
50583
59498
67723
71040
27651
80784
80008
7207
11373
23819
38311
87092
79385
39452
81141
53709
37372
48859
32483
97192
24885
16187
60660
11434
86342
90462
20029
96604
33310
45476
30315
3963
25372
90461
44070
43510
59032
26738
76854
97960
49255
85531
20260
79093
54080
79260
87642
17977
50891
31288
37677
27256
67797
52596
43872
31626
50230
69330
37656
34697
71173
35554
1752
96645
30558
11012
85491
80975
22184
23850
50652
18791
74188
68510
91514
90820
14229
52011
96292
17885
79701
890
58272
73434
78377
22610
45304
94602
51388
86675
29018
22834
59913
32686
32141
19146
67392
44712
42808
2534
80106
51182
89228
13407
86181
17598
11730
76621
38818
42015
41122
59224
51646
87831
67174
69951
82432
5076
95709
16892
32797
4654
16170
11117
34399
73652
8096
67168
58787
83339
80091
21454
66037
55670
87628
17618
18447
36643
59
5371
6532
5095
47061
87477
44749
11449
90768
91760
78711
95212
8429
34779
66625
24072
41145
56272
79637
93387
59487
49144
77152
87774
45697
6292
36345
89090
78008
50681
11772
1667
36864
99426
5034
28461
2202
48240
33620
77588
54237
60574
63725
2119
72070
84136
49689
83614
97775
23589
38898
22229
97642
77082
87451
78104
99121
48889
22514
28816
61159
87908
48366
64790
76938
87038
26130
64918
6570
64378
13858
76414
1452
50991
43800
29979
90129
75377
23494
70063
94215
43822
54912
68120
49362
91573
21521
92228
68418
29476
62176
32819
55661
70920
90997
61845
5556
35677
43047
33935
75486
76594
22782
87629
80478
42634
88050
40953
61594
98733
79183
54149
64442
81487
63738
3131
48257
37858
78248
53563
50175
10443
90719
55438
23246
75444
51913
18363
47468
30865
87924
43469
50215
96978
52559
34022
65839
68998
11726
49650
86927
21719
68242
83365
11390
42955
3139
51980
5999
12159
76090
43534
94547
15210
87542
40718
74513
92204
94689
57489
29573
70032
53491
2739
63485
4371
33017
52169
40831
53561
29467
38342
13179
83985
64093
31099
54696
92859
72235
61315
75621
33570
74073
46337
58481
54680
95982
24997
50077
40082
31540
45119
9709
16753
60065
99971
56379
83965
46643
65756
10288
71497
59378
40985
96537
38114
86797
68918
6685
10607
69227
237
83351
76492
45381
85451
86867
11916
86938
71013
50338
99947
77639
15287
74176
13250
59822
65501
85703
50534
6701
99277
55663
2859
24202
39763
51556
83326
30037
14199
28404
75030
74899
29513
93224
68481
6456
40447
52282
22901
45949
98441
81417
86827
69398
5133
68097
80243
17902
42559
79787
71675
16902
83424
92261
84413
66469
36581
92638
79115
82102
96888
65637
97140
27907
72411
73891
70578
9167
53699
783
33109
90874
94462
47299
92105
3511
8841
37071
38108
43526
48854
13573
72619
49440
6357
55437
33912
65297
23141
74537
64130
29504
95954
18604
58215
12452
50738
47758
11195
49164
49954
84712
40185
73619
51639
59781
25391
95871
13152
52117
22827
63202
76312
44241
70010
77285
71764
38009
43182
16119
62625
39984
95934
11543
31952
47035
97263
36107
82342
84519
15270
53608
18888
6373
15471
37090
68120
68579
74116
70366
92201
51973
58702
27463
44982
17623
11211
84089
25400
86103
13169
1856
8808
28055
44466
79929
72502
99959
90808
98717
37457
28304
40049
75679
11327
55778
81260
80600
30389
85054
54465
13778
79132
31166
60443
19548
5161
39878
29181
37568
71863
25101
51016
60923
84477
46841
57599
37457
60720
28224
56319
87268
41131
84264
2253
30776
90021
18859
7493
43019
19355
48884
80080
65863
98736
96101
82227
6870
39824
91697
57705
89434
3088
78583
34743
8313
17586
72527
67983
35200
74543
48430
97190
72485
86321
11941
15116
67170
62079
16427
36550
92876
40800
2857
71067
93620
27151
54368
58683
16539
63355
15592
34932
88674
66293
12615
88455
80992
7318
44274
66415
76141
32513
42067
17763
87420
94690
83978
71161
57181
32440
59055
24195
24322
23024
5932
2807
11831
35000
84571
31
61554
36907
49823
27415
84916
61142
73160
91455
90305
92126
21050
1978
59167
49409
68158
31781
84774
91526
42350
66600
66528
79193
28510
54055
28572
43908
15277
67435
3356
67028
52891
76273
11208
2767
7507
98067
16094
30573
50504
41602
11617
54129
8957
31724
63772
83527
51654
76806
88214
74380
74358
72807
30251
22083
23554
84235
14813
31231
11221
27964
99512
56338
98145
68456
51764
41617
16298
2763
37353
6877
57717
13879
32459
64790
31161
29162
72921
40231
26085
81045
93195
47448
63982
13567
87827
20985
80449
17003
34282
42989
53384
8203
76452
50124
26318
75593
43209
18787
52369
72413
24138
81019
41042
91690
65750
22559
53755
10464
25332
72148
85794
53830
34820
16289
72257
29063
28368
24781
70164
30781
96203
43750
96085
36009
44730
29669
92976
82472
62020
1626
47245
3019
65352
34988
48476
85528
64707
65548
66897
7793
91700
88599
85339
48590
1590
96291
36855
81266
76944
72165
60776
60543
66851
1819
3014
77816
52336
72332
33206
4160
2505
62269
7691
65342
27257
73646
45403
7416
6497
57794
93907
93938
39060
86179
32478
63725
70115
24205
13861
28291
58302
15755
96850
89911
40445
97915
60073
95716
99518
74081
34157
68961
5673
56552
2736
60813
657
8957
68563
94631
57757
58164
21758
9160
16553
4027
8765
24958
70172
38130
35439
56445
66535
53416
22656
24843
50205
35482
12361
13401
12227
58419
33207
50508
85903
37803
594
58388
72350
61407
43342
11188
12433
10918
92063
4220
86403
33824
65475
37878
67685
12582
21314
17156
96749
89900
4861
40852
76827
76011
45592
67306
96062
22115
62141
90997
42080
25555
45553
76632
35834
53406
61469
20596
33200
67891
4094
18507
67122
69954
64853
56922
92400
34960
13649
61306
84969
13286
1279
67077
24467
47257
58324
67663
4780
73891
55827
15256
13730
99778
5289
6249
40659
6395
16313
89180
66921
87089
10976
36716
20828
21558
52335
35139
40988
34102
73841
49947
25817
90046
72034
62847
71452
79357
30979
34855
34731
77285
10927
1930
10320
73266
13031
71111
98320
40497
51834
12597
62982
62388
60990
77085
90752
35489
52737
96207
99712
18292
83582
86529
78240
4259
10200
15102
2784
17813
42003
33783
82796
51300
32287
1901
1008
89179
87111
62961
49410
42157
53801
96479
67873
12292
95004
81117
95218
44750
89424
57369
12454
71261
35469
11809
34596
38037
4525
72730
48415
29533
95822
33167
17625
8719
24774
53520
85598
57850
71063
58761
12297
98567
69049
5600
96565
19386
13749
35609
72417
38164
96640
87937
96525
28572
11749
99415
60589
86371
33802
32722
87097
64774
10514
47486
43067
39780
47151
26887
47191
64039
78726
88665
79123
14169
22670
57721
90651
50587
1604
5420
1934
70026
67737
51512
69983
15659
92806
99257
36370
8878
83108
78463
3292
9005
23312
62517
97550
20398
62761
78598
689
5029
61594
47882
97068
71706
35671
10017
28729
1373
50964
65794
94152
51478
62080
97978
32713
1657
17958
47846
63583
10047
92795
74553
60025
40543
81215
75446
83521
36366
21060
62615
32765
46137
89353
69240
84080
60243
11602
18469
27965
43474
36735
83041
43022
59670
23438
87617
95848
73581
24196
74369
46602
28285
43889
39593
51754
48559
9703
67325
16631
5660
35868
55896
46589
10408
75391
94592
93065
77159
20001
73154
18191
82921
3138
86695
87839
38209
27362
6282
5542
24025
46564
54988
51234
93282
28684
52268
66024
66391
69477
34269
50790
33379
77113
58024
1994
45991
52884
54870
82495
66159
53954
74810
61271
74866
48967
78838
26354
97945
57295
17447
81392
76513
47900
50904
41800
1803
23482
23046
43748
50871
12602
65853
48552
49236
16081
31645
92481
66621
32273
90345
80655
93409
42
19512
32760
84994
88818
82599
48196
55594
75660
24605
78116
23682
20056
52623
21730
89615
2732
1276
67462
48938
62266
78016
5370
93001
86125
25984
66079
31098
19571
58263
7869
86344
60179
95990
97023
94139
90707
20227
66454
87236
7634
98824
44270
17185
53447
74451
61405
30357
17174
51247
81336
68837
68391
22315
3894
58527
69353
65827
4988
82745
46032
70439
64637
74808
36673
89422
23624
38598
19207
47368
19096
42211
95628
66748
46017
15032
44682
48027
24461
61514
38133
25685
26296
49239
2205
58266
83261
37083
35790
55071
53226
62280
20024
92667
51885
11350
65706
25198
59114
51548
11005
43816
78846
59520
29755
28069
23202
35717
47587
18466
75711
92157
5081
14374
94140
59685
57764
85274
69568
90869
38382
95009
89889
35509
10188
25941
38338
43380
69757
93937
95189
60847
96662
72993
75431
24673
35700
97844
98506
84841
39490
6084
85952
50492
46945
19141
39756
89310
88514
84261
98803
4702
8033
96744
74095
57861
71747
4274
2147
53132
12014
6326
40922
15712
90881
96901
73835
18957
77852
33531
89168
26104
48045
86063
83109
18472
82497
44561
10651
23067
6863
61159
92111
64746
96143
58817
38447
75979
33016
70598
65025
94969
26708
48073
56589
54060
91487
57190
12336
15216
33914
98692
24434
19645
74211
261
90498
27409
41941
56228
27226
61047
17488
85680
28712
61097
37801
39004
72103
45334
99523
52405
22010
33954
66841
27338
47603
40300
88775
34806
86284
32697
33947
53535
76341
57066
18921
38764
60897
96437
81590
87360
81453
28361
66385
31640
51970
70563
68884
74698
31366
86174
90008
14633
70557
73958
78922
71755
78699
13371
20171
59164
68809
83565
66375
26478
6513
22897
65812
30262
17907
50248
50352
32018
4134
52631
91005
12131
91329
87126
62757
86603
15574
71389
21574
61539
791
47918
5075
66070
2538
5216
59697
38081
94644
76303
57480
10072
47617
54283
95518
97866
30042
68986
21833
30265
67768
24484
47482
21286
92368
51837
87190
47002
42169
3888
44899
43963
33240
46104
3123
2508
84204
99696
90071
89153
5011
97887
43671
739
86896
45935
14775
61094
27164
58097
14234
92477
66596
87879
5412
74755
97975
79187
91707
43389
28876
62495
26883
63703
50027
65769
26307
2498
66176
50987
43318
70352
86776
1929
54907
75744
71291
87383
75297
49898
90282
36902
58638
90424
81834
4577
89210
53984
33740
42729
19507
76087
21036
18426
18392
61982
70801
51034
13684
53423
65754
41712
4506
99863
88808
13329
72045
92568
83154
58688
78295
27302
80317
26948
57110
73026
85019
7607
7439
39699
70671
67346
9624
16978
92406
29562
37306
98539
35545
52937
43307
51077
97563
89804
51002
77815
613
9554
24623
69376
32717
6116
37359
99211
33884
97463
86476
54395
27316
74766
8601
87714
63516
65604
51667
75039
61618
12341
37192
70407
27239
50569
40002
42648
41397
67637
36032
99152
26491
63609
73801
77675
53804
87344
12690
57339
80875
56261
61839
63063
39659
36188
468
65100
34734
60188
58953
59052
63431
48169
48489
83106
45143
35664
46456
55585
84431
47691
73469
67778
2281
9150
82295
1686
95754
83509
48420
52486
34498
81259
10730
53487
50550
75977
12774
9570
63833
70129
67573
11972
62221
83162
7876
34131
85229
20789
46776
92892
70267
12220
72161
7990
34192
55051
48941
18686
16755
21955
4198
34107
96862
43117
89526
68443
50683
43559
96455
48566
33444
80568
14975
93711
56982
42182
28686
15290
7851
44208
27642
2070
42723
73930
81950
80445
67094
10874
54210
96566
43391
88093
62337
43026
7178
45641
93442
61187
74552
73741
67231
26315
90962
19884
84488
82338
80073
58801
90084
86469
37585
62532
5153
20305
99356
5008
91081
48476
52341
74750
1549
18841
10211
70804
34258
10947
82771
46472
79738
96199
9331
80053
22737
77605
60520
89211
71001
89404
60969
2479
20929
65024
34293
5723
73474
56280
20591
50101
60724
36105
57089
9126
54844
74063
52028
86730
99662
22858
44850
31899
18265
64700
82528
1398
74013
77036
4582
81711
8911
30181
47590
22670
14727
64081
53276
6332
64291
81064
86070
62868
22855
73685
63029
90220
60762
56116
16883
44236
51032
20418
42949
13058
40403
92289
45830
39769
74127
73803
63274
77765
41325
69010
70471
40609
18512
60986
97188
10342
74316
23206
2612
62086
97676
66798
30165
59859
7119
56641
52973
67370
42378
30192
9333
60900
65578
86747
33153
61851
4917
16245
91353
78861
72189
66387
17922
44563
47217
30327
26812
81603
28876
32316
15021
80109
80299
17244
49136
7762
25040
59529
47327
72791
11594
29034
49608
89110
71627
51534
45021
78311
91336
27240
76747
16142
21826
49331
58332
35977
61957
48554
63204
25018
29285
54580
63285
89381
43574
27657
33921
15688
78316
36415
24003
45301
42926
64725
6924
99009
95522
22590
87177
68063
9504
85048
92207
62932
39110
5228
32183
40721
801
78545
98047
70432
75229
65267
97747
18141
66974
69577
92974
24675
2675
46058
99039
9367
44270
43727
66062
6471
76265
66314
30101
7192
88906
49422
57964
51476
73096
59136
72646
9150
92699
9816
38357
33720
34490
94352
10322
24396
35937
21402
12126
46123
49335
18721
38262
89810
94698
5243
64199
66356
52314
91020
20167
55046
37216
92236
36579
99253
43090
13102
82137
38529
96678
36495
9234
85678
38302
94229
14196
88656
3480
90964
30381
2900
47759
46867
87284
95264
98882
20705
17179
82351
98744
27467
70434
15612
4182
70269
44325
84475
69513
31228
6559
85113
45783
10714
79557
9654
54682
12192
29879
81024
551
90187
90920
9085
77824
99169
70498
34398
752
49012
19119
51690
18511
23637
14844
2722
16671
68785
80202
39978
25673
55111
80340
23788
8805
59154
52622
67342
50128
801
14174
39852
77623
58637
6881
46444
67956
90775
68012
68701
11264
55239
50906
47855
44705
35969
93666
25051
33663
63280
34831
74471
5930
3645
92140
96393
58670
73910
93568
97678
84899
42466
25017
97673
70975
17256
89283
17536
43024
98825
13882
83096
61067
98371
78708
99427
89835
83641
55176
30607
31686
21764
61755
53794
44091
79126
68147
88061
1301
75971
98332
69232
42599
66668
48287
18241
56097
53884
14853
56390
20091
68749
7123
14384
96599
29431
78612
1387
91553
73010
65145
93200
37806
16554
82163
69115
70694
2700
88586
38330
32613
7517
58124
48973
63138
23719
53127
27431
43860
20728
72354
49172
62953
75301
11853
74509
68562
2721
44782
12456
3239
73614
78414
13900
37595
30280
33
61888
70543
61539
32573
30385
64282
72128
20303
15015
68150
46924
51459
22048
53629
52858
53885
85789
40198
54771
21892
87176
49186
95674
12945
84826
36283
30091
87151
2813
91389
7054
21464
66158
37622
28108
4642
7912
73292
30391
47365
75299
61729
23764
46910
69009
45443
98885
7900
55141
24329
24409
90519
40635
80947
9518
87060
85232
44413
15861
14539
27932
55453
4274
52143
16317
72390
4714
54808
86
6766
28366
55890
37906
44612
70112
93916
52742
32144
86861
3302
56647
41682
91317
53266
53727
76900
83353
24785
11338
34348
46146
88720
40486
32030
72838
54122
26774
3384
63739
35400
8173
38318
60457
98868
94146
23087
90611
83368
99695
85257
69843
4304
61627
2999
60995
19519
62045
68029
11121
54214
66111
72576
11036
96496
38874
7381
79673
97049
70417
9833
55831
82494
21352
78646
23440
13122
35500
17573
10756
63409
10279
33872
45638
2009
70013
44985
94859
92945
13820
60070
88525
92113
76506
74868
69559
1283
65037
478
73092
94058
60492
36925
47172
83188
86357
16240
42229
82750
17681
43213
20830
82411
72444
28288
54311
69932
26090
27465
23020
51467
45199
83404
17763
63039
40758
68683
54001
60216
45676
75100
94278
68022
14590
30464
17146
51453
76119
69299
73209
89828
84254
77470
85772
93576
96311
71444
6826
19839
76525
49183
16741
83082
29086
52311
80678
53220
69840
53685
84037
14108
59733
21014
46602
69609
73464
79016
20780
12839
22079
55173
57588
217
25701
27794
82664
870
68705
97071
12953
36249
97952
9036
92643
64325
13926
60109
32005
28884
53820
83874
88458
69038
64827
29621
89027
68140
34816
55508
45188
8051
40451
62204
98670
16759
42157
40781
98775
42876
70122
73669
17101
44236
56335
47154
28870
86325
34909
23162
51113
56403
50877
48832
64887
38427
73047
43251
6639
28947
45788
97055
17444
546
14376
6944
17362
69243
33423
43431
24752
45990
7266
6625
85536
88190
69492
60313
48008
54608
60707
82302
83464
67506
63949
56634
36580
77800
26676
29996
77352
46130
18011
75127
37491
24095
26560
1734
81772
27277
51913
49380
27898
82013
23619
91045
89901
46074
7463
11385
6868
17574
4196
9321
82849
8615
11194
57654
24735
60984
92864
12486
29828
60266
89066
27316
62577
6925
86501
61361
79154
20573
952
66945
15640
21574
34529
35470
57909
80326
76940
39562
96247
30755
73633
17818
73508
98793
64055
89825
46036
16442
79267
87454
26298
37121
3053
98943
39885
32817
81745
17073
64114
81515
2745
22005
65408
85354
78683
21227
94953
94258
71045
52942
65300
33018
14346
18856
79360
57365
27714
92703
32740
51401
28421
36549
98562
63307
4373
81741
84969
90480
29449
2386
25957
42878
8922
8405
63098
18671
57602
41322
4856
47498
16198
75145
85932
6106
48444
26730
25457
66499
5523
44378
15291
81466
61292
10377
85983
91936
77640
73933
15146
48614
77356
13989
44846
36751
3541
20910
78853
45277
79801
49050
53127
93360
35898
88319
38427
53032
78814
38213
38276
11646
61358
85911
25920
45708
57552
92258
20386
70110
34483
78694
6511
29899
60091
71226
63326
88002
51607
55578
31377
89377
21717
41403
51812
78786
64921
23879
7171
99649
41859
94711
36508
66377
93774
11344
5659
73769
34462
19121
90259
99531
88491
45693
85874
54004
20051
15320
95300
68785
57798
7500
72028
34294
52880
43638
88851
26767
3760
57699
50162
10461
2781
39270
73793
1512
36041
29631
98333
99290
42171
36674
89937
83710
94931
5477
88737
45644
17814
20280
82853
42139
97088
78461
27205
55395
32984
41267
21577
90883
51268
98208
1790
63138
96968
21443
64646
5745
41231
80890
79334
87797
59773
16150
73394
45258
91899
7930
38023
18663
81131
13080
68744
56293
48804
13123
22628
5989
71742
66847
60523
59504
25847
70959
25783
48613
48696
42315
62167
14563
36231
88473
55510
13892
3243
53998
50149
92946
68320
43663
40085
22795
37038
38494
48336
67510
44438
35796
26711
87189
14087
34585
18132
17284
90680
32374
83709
4987
67260
10597
48941
93869
22519
88163
5564
11069
59673
75818
62798
48330
42134
64916
32927
52951
63985
31922
56301
66015
95332
43840
8579
5022
84587
96322
93098
81125
85359
50997
18488
78723
91137
35534
30473
39304
90620
88979
56132
52940
63946
72193
68064
85904
3234
30878
23397
82493
13929
53341
25613
91119
90179
23435
75121
71869
47564
49442
38238
34482
13751
4444
49601
67530
35108
44849
55264
73143
61690
53600
15147
36332
42148
79018
23571
64781
49154
59974
24938
67395
65928
94578
7162
50981
79794
53666
83470
51885
34420
30832
22704
30898
4250
58853
75262
94493
15516
97499
91942
44879
35199
9692
92329
76430
60978
89567
96231
63046
19218
46892
16855
33257
8313
46617
55542
5454
77625
55846
75363
67882
17734
20396
49577
10374
88931
98059
43679
63827
98982
36656
71828
3244
60507
75545
86237
92718
67431
49960
29472
41937
76367
8793
81348
60348
75874
98366
84203
24355
16257
13571
90786
5438
57373
81807
31822
329
41426
7501
93469
95920
70154
9476
90094
91835
53935
79509
82606
98581
12200
37658
40748
8837
11648
18648
68428
58265
16630
55716
59492
91134
82764
41153
31450
76090
74723
51386
58672
57147
35802
14807
4913
64509
52989
26299
43568
89525
78112
20586
49892
65935
10635
55389
3292
99608
44002
67122
65507
41635
90453
13723
56196
35768
73312
997
24325
18350
15685
73190
11437
5270
41365
23875
83483
73277
21051
42956
95426
6681
58400
67811
188
22214
12183
13805
82368
56173
66964
13514
22053
26158
41408
88822
17640
62389
82810
88200
15697
32264
94219
96011
56403
49100
64566
39813
46948
16235
4199
97309
37140
31300
60204
74535
48180
6476
820
46326
56052
78051
53334
40231
27802
94755
55350
84798
23096
30231
83372
39069
26750
51356
69393
37323
20862
36655
73965
3486
30872
77588
60648
2450
4195
94921
53601
87272
18977
66311
89764
15324
37735
19253
85626
80824
59882
49751
25401
74912
87653
46779
25380
85013
54064
13105
70632
95530
93426
58533
80191
42181
37032
33491
32543
95056
92165
30922
28825
85332
22414
1120
71989
69087
45
47689
43259
43143
47853
80716
61725
964
99535
35217
86149
19706
77435
25627
22742
69437
72517
88181
35725
58156
81041
85822
28531
65536
63972
29448
96262
62589
18333
70365
53815
28637
95234
74763
81527
14512
14450
2970
17799
23360
38139
31283
4552
40492
25177
95203
6682
71013
95014
67193
38792
80047
87835
48998
59345
20962
55221
17106
23684
32814
83199
70504
44931
52557
37022
10005
89059
71940
45927
64999
95315
40611
3231
90748
15791
42591
98936
85896
98216
20578
15241
34751
4492
96491
64191
33566
16930
41901
19242
93850
71858
90302
43104
40999
3489
9460
92761
51876
76549
17294
52733
31418
82729
83622
60380
16366
78297
4904
76590
73036
2824
37214
2760
46045
2968
17055
83119
99768
32429
587
10473
27748
53180
32703
27883
10084
48696
97613
61883
44913
61371
36614
10516
12604
64720
91310
31613
90382
17431
79445
36196
62005
54429
82282
56370
8483
92180
63757
4616
72227
90868
28655
27808
52495
82181
10083
77498
7817
4110
40409
48859
2802
3920
4798
51870
31247
50833
9120
76107
16235
63570
70619
98868
66331
22823
95831
53989
76417
2051
90610
54814
15337
54013
11730
65730
58543
21593
90906
27214
26168
46751
2110
45905
94290
72640
79003
73204
28290
7473
69182
86136
54488
61770
55880
8554
11957
62461
22394
12801
58866
25867
12593
91426
91592
28516
16436
16361
59088
24668
81487
14226
63627
7693
17585
21627
53511
76314
22778
9472
67739
19945
20574
77704
93972
47630
31567
75322
70180
69200
64740
25270
16937
48282
68647
26963
26698
18907
28307
55199
28686
69442
86284
19684
92638
54162
5610
7557
19862
4415
49950
90256
8696
1550
59584
63289
92986
14161
43411
48486
37002
83048
53492
3951
27142
22329
30149
86883
52002
93587
61393
13116
30187
7875
87112
83212
4673
79360
27933
47092
14934
63347
33106
35041
83869
62327
1097
12165
90005
20861
72914
32482
66504
72831
79536
87714
36556
53145
89066
73370
38880
3878
95638
66228
1607
9143
16381
24246
3123
55988
78621
82583
69459
76334
97828
29104
27940
36442
77190
4674
72054
31670
40337
41068
93427
2979
296
12963
94020
59384
64018
56428
99340
85958
68648
91346
59162
37492
99248
86651
67691
79930
78834
5970
83768
2131
63307
24391
81049
80839
39393
39948
90135
31927
71944
4373
49502
52383
24687
7204
22641
83289
9183
60844
91663
12511
18173
36940
57921
85391
6374
85889
97707
34717
40165
37696
83345
46269
55410
81851
66397
18039
36760
53236
43084
14337
92053
93709
53972
41635
35852
31459
60785
56736
5103
27926
21491
85179
91747
23611
91141
98603
38789
73262
39762
15883
75328
11494
1644
3203
30339
89953
72711
25563
2317
26358
10635
59444
84889
72687
33919
60087
98347
51376
44925
58083
4326
1440
15767
51892
33284
85416
67720
41251
77312
44759
32673
53550
81540
33753
61033
27160
14545
41913
20232
90032
46612
3542
34672
69928
12210
5077
32288
41952
54964
63099
17269
58402
12896
73925
47958
38574
90931
5577
60299
96301
16872
96939
40491
32771
23591
29782
52069
88387
14091
84455
22086
83371
55544
76098
53397
38548
52009
39093
94218
48182
43424
80376
83401
5543
67806
38415
54458
31792
66049
89170
26114
3545
19864
54723
99807
25103
15458
48731
21790
81739
96149
44189
74406
7068
8646
67161
96110
19484
48905
50601
76556
19286
71913
78153
31860
31395
96158
22744
37174
18614
38781
59700
96290
85516
27070
26878
26280
48053
40159
45729
35817
42231
48306
45416
19095
75497
34412
7388
2803
13617
90813
33319
37943
85004
81172
98559
38967
52398
75078
98300
57068
34576
16132
97883
61074
21664
12398
58232
38787
74528
52596
45630
94637
39039
89032
39477
46923
51435
19906
28100
87952
18430
42448
5014
78575
21747
19420
49183
28246
45609
36240
67303
8401
15553
42669
1658
19377
55961
66356
82561
6117
60250
7368
69783
76726
19718
34800
89111
57565
50353
5387
20871
19
18266
33652
7290
29508
39692
74268
46851
40855
81503
27856
85071
51296
65850
47956
71013
1803
61251
27721
33624
36114
27530
57690
87613
94451
80663
91999
19259
58407
1807
10715
19887
84668
79258
89486
74988
94874
1313
92595
81946
41835
13257
4107
13860
80456
91342
14577
47878
56890
92913
86266
37942
51616
49882
42033
30455
7399
76967
16265
52532
51878
37926
10450
91952
30511
3960
62947
78222
30472
50869
10059
80449
75757
39892
47444
79768
72246
96673
50740
73366
53761
61045
15784
23999
53955
9230
22113
47326
50501
76926
92899
20223
53155
14136
50787
78348
24972
1199
17496
72595
14127
97473
90671
91023
38095
46991
1889
88162
68915
47372
34127
42398
55854
64727
11153
15077
59920
94599
58097
6573
80839
21730
82856
29562
10272
19700
11206
55318
78721
87593
51418
24448
28784
18909
76635
53385
81031
43738
29274
73572
76653
86700
92931
27065
61089
2109
72427
63333
31373
59670
48650
69767
69261
29195
72764
91607
85928
60467
65677
85757
43303
47646
59297
13449
71970
5429
46789
36408
20894
40664
49268
62482
55097
27112
38109
14220
23171
13532
30935
27573
53416
2692
50922
55800
20547
64604
22230
82264
1280
71074
87140
91448
66402
80961
90269
15782
90919
1754
68788
29000
28617
33657
87232
79943
27788
51876
97286
86110
16946
79212
74446
75566
36953
18105
90987
62705
3610
71735
30761
44072
63583
39612
35598
3888
27618
75230
28376
86257
95282
13177
3380
68753
89955
95323
553
10348
43311
13475
68573
89059
93103
48630
46957
36131
95061
58051
78614
48280
22910
86816
30660
63412
65627
81206
42957
55097
47229
71006
87803
70113
86452
33431
93294
9139
97773
48378
34290
6677
14894
54913
470
31264
67680
78410
75865
32290
40958
4018
9883
28861
40361
8803
12028
40484
4263
31595
40827
51648
17375
71402
54818
2826
17607
99421
2584
52849
9837
70336
95466
93729
37690
53913
86140
29244
11670
13387
70179
29699
64142
81166
67560
26695
80674
32102
37846
99446
52987
79746
34415
48540
64534
19154
82125
39755
73102
20416
27035
33674
88458
52241
66412
35050
21809
93534
60862
62483
55060
78620
70284
97990
49606
23062
80867
93632
82481
80648
44975
19750
5093
73622
90799
98448
24745
24417
73032
55425
17158
73684
79935
75879
22220
13720
72246
81112
64771
64481
20408
54553
83471
93550
55150
80645
28660
88153
39221
28018
9753
43435
2341
34014
95920
67836
34242
70173
28322
37273
15186
27002
94371
55275
92313
94389
77305
89423
10477
4282
74056
21394
59411
46374
94453
13232
10888
37878
28325
33020
80947
41014
78790
39168
86134
31070
39746
66621
80067
44629
80618
71229
61974
44885
14651
50428
53385
44111
10300
47983
47276
66726
22274
78932
15103
10961
83662
18600
90601
72180
46883
70960
7234
53606
58782
25437
7586
32050
69966
118
3618
19790
93840
16456
28817
89254
5478
63034
78238
21150
6090
61233
33373
7774
82343
33271
87118
70912
2258
93097
47179
44639
36307
62398
69898
11066
84452
91689
98888
49206
65756
83908
42862
89347
24520
10013
56803
67207
37052
92596
33984
46607
50153
6801
77417
46719
58610
68797
48541
39007
30643
369
35161
4059
22650
20285
47980
29806
88547
78546
93724
43511
88287
63086
39744
26217
6945
46758
84542
33127
1762
51089
79775
73424
80276
42007
44136
50899
45244
85959
53915
28290
43177
56618
91859
75892
24638
46783
3522
48517
86807
18666
14052
14511
22633
36150
97882
27302
92398
1697
82641
64519
68979
48447
85869
16646
79050
62660
4072
34075
88729
76174
35216
13923
41253
45170
43445
57788
66496
62208
27141
70618
57083
39037
9343
91488
31569
66424
91850
87943
64833
15012
29589
11833
64532
37082
5369
15834
28649
37733
32244
56526
41646
23582
93538
9798
97084
2293
18238
54018
33062
7602
55294
62574
62989
37345
38790
31708
51096
70170
31697
39023
27611
51307
33570
27097
22467
94916
83962
96381
31112
40248
35439
98671
48066
512
11439
23843
90531
64763
39807
54940
91879
58996
77452
42134
42238
61171
58532
91427
8750
98250
98718
24257
98885
4660
8317
270
32594
51695
14378
48994
84165
14121
47907
21271
11974
94851
37332
56957
27248
28070
63518
23457
83635
49366
18601
95550
32618
21629
34330
52900
50961
87400
34637
23720
53404
46655
71733
57430
68698
71726
66455
63147
18217
78846
4138
95802
84975
55055
8955
27945
30366
83892
31894
64491
43903
1658
35357
22438
92160
20191
13332
61320
94768
50416
86137
88654
77608
41825
51112
21184
76621
81070
20254
8105
92577
55462
75583
44187
6439
96416
40938
5851
12595
24276
67404
54930
62634
50521
98731
18433
90105
14370
60371
14180
26157
79004
15403
976
64336
43859
23335
91382
24322
87126
14602
38132
10894
62902
52604
1059
66540
5429
40974
4587
24482
12431
69142
44771
69535
6577
93587
95439
22991
75449
14405
95359
84347
30057
12177
52836
53981
28176
5372
18384
54043
81299
26597
35930
19292
13866
27292
77478
40987
87913
98563
89395
9142
98911
60470
70440
81732
60773
69190
8849
53041
37962
62942
8634
12140
23116
89177
22541
27032
69126
54718
98693
11805
54282
32207
68940
10638
4451
90374
62390
38474
75361
3237
72578
5834
3250
64617
46620
35552
90379
49995
52940
73943
73904
91267
41699
55613
98313
50725
26438
3901
28782
51197
33427
5320
56796
71347
15864
78190
64139
45549
94420
98640
59482
25057
80625
12540
35531
20126
27677
72639
82968
97185
44707
15716
89296
98794
96680
1148
69880
20405
79659
2919
96406
21757
8077
65323
59032
49801
35185
54752
63506
16564
72540
18183
97298
88368
45628
14881
5179
38511
76058
40286
19647
5361
72849
27254
76499
50319
97292
77545
76815
69281
91780
56359
10203
26414
89137
98794
7315
80654
74471
5320
54054
4341
68009
87009
86706
31993
37813
42914
7562
75460
84000
56869
62260
59444
8091
23401
57690
16280
19618
19575
37263
80023
76710
76155
31927
13639
1030
44979
18601
6965
88193
49719
49676
46139
33483
28225
14990
79828
72512
11442
29648
58138
28459
90893
77825
46804
32589
45993
34446
67141
46576
8221
14174
32920
30195
95062
59356
63435
40041
51093
48039
49345
28034
76047
40550
74680
23700
73987
10766
5237
85162
31755
19890
21275
23240
20231
81506
75540
29692
34847
88039
2949
15275
40961
73505
3593
10132
69620
35800
25486
35087
3554
34370
9286
21480
64053
47149
94527
93509
25544
4754
73512
73990
79060
48975
33055
24018
60694
69461
70386
10127
76159
29401
49483
7906
54677
78659
28610
64019
85711
33588
17396
14233
75106
46586
88062
53336
15108
30296
62458
86655
57473
4981
90585
72423
87858
96809
81370
16672
77248
85730
96385
90217
560
72317
90941
55691
61651
92857
32502
25737
22099
23794
4293
71400
6733
89985
29607
62901
59607
37595
21776
83709
11200
31442
96894
14676
73767
42440
98229
76266
6455
17861
42471
71748
2386
59587
31881
39943
40365
26015
99281
33954
65305
55006
1230
62081
56324
21704
25926
28866
75195
90981
67873
80533
35356
44499
2690
4517
9751
69681
13562
10979
5110
89450
99999
73763
21645
24421
40757
87023
4189
40065
47567
78785
81458
36036
64966
47632
36834
35272
91396
98301
82950
48594
76684
10445
29524
22040
49286
66321
25252
63002
36547
37150
46840
97480
27584
63945
96944
26743
37377
77489
49994
18553
94123
10145
39382
8301
73137
80202
87166
44869
15356
32890
43551
42681
7135
93034
24066
25793
76476
59259
53798
39228
8070
12347
17599
12689
39065
97552
73852
8109
5730
48183
61804
90151
18416
15674
93130
18751
62017
95722
36961
92733
36873
55469
45695
59872
97346
23585
76640
44554
85304
40238
55196
80689
42067
86831
59916
6110
88166
33573
67456
61102
38507
52520
16973
99828
52964
85538
62237
3174
96919
82442
45686
64869
67786
77174
22067
14160
35828
13659
88408
10727
13180
56503
26947
41212
68089
25922
48006
34086
12923
21422
91455
20013
92482
12289
63700
11186
72501
78521
4076
34987
29276
2679
33116
60741
80744
90598
81105
32053
98520
15273
73803
84636
80615
13709
16956
49430
47005
78288
43341
9305
18516
35277
32909
77220
75458
29549
5170
31471
57826
90175
56951
45696
45847
11212
14033
55735
30141
13502
9661
95238
88499
99058
32185
43651
46753
42724
2303
25324
59830
9244
37500
95072
89071
69042
75455
55385
45990
11220
32102
54928
23318
98137
39142
38559
10638
74206
40359
77
76771
75624
11842
47411
26439
70779
87494
66177
49986
26001
65510
90386
32830
79984
62120
38526
56790
35760
30670
99212
81654
79860
80302
63094
46285
81589
59293
56174
77402
47916
76849
9016
82441
7388
87610
18548
3967
80698
16630
21947
70269
55037
93845
52634
89219
81804
47187
36472
25761
56569
27126
8261
41845
98704
64297
80978
97985
26787
55478
9809
24478
91545
29655
46303
62470
7554
22340
99887
87081
10102
65539
49977
28027
29681
97066
4772
97016
94063
96524
99843
52701
30042
99416
16344
54243
36404
35343
37381
6138
15184
7463
3119
91293
59567
94527
57028
30289
37057
70992
64263
66071
30320
45510
63988
68222
57919
82218
35579
40061
48657
30744
24851
32638
34042
97268
6285
33534
84527
60685
79249
76425
40775
51086
34696
28546
20449
12671
11640
40053
35613
44949
79963
51087
54679
80982
49837
82207
92278
14506
27789
89812
80200
56954
84101
38341
28531
35811
77148
95853
67103
46068
99510
42694
37167
54833
80992
73719
12602
63465
41026
21295
82694
64031
99801
5512
86006
13943
10987
30997
41985
78057
32771
50138
34002
41791
67048
61750
22597
41627
89924
59468
83868
85142
59914
38992
50124
47378
78179
53293
29980
73192
55565
35573
18738
39099
34462
69313
53949
34075
20197
28323
17064
48850
88895
45285
92464
57632
51104
47944
19873
17710
46508
74735
87789
54196
18421
11763
75161
69260
14535
14473
33583
31169
49915
91934
99122
96837
61980
61515
41744
8992
43416
19352
96988
31179
27571
7215
96290
63116
40256
33109
42467
94262
71340
31477
84342
62422
13536
62049
22120
71025
94959
24950
72662
5122
82669
99499
76945
91787
11402
87292
19360
67180
8698
42299
78291
37219
85742
60311
99780
73106
71497
20298
91162
17592
69022
58495
16599
51236
51529
57914
25698
93460
91279
55655
58442
59476
30742
68936
32891
91200
88148
88620
42617
29383
77489
22841
41265
92163
2042
88880
53473
58322
8910
67851
90378
48233
49827
17608
14750
13462
54628
70889
70469
9604
46081
19760
60101
5524
80289
6735
17428
40743
30060
25025
17051
2513
70876
72018
17161
45683
65164
38780
51650
56551
8225
6836
89469
94345
78768
96582
93889
71002
32661
24746
14572
6458
68445
43583
71741
56
64328
12995
44265
29301
74408
9925
38869
99665
10094
63121
25947
38022
68138
92375
48018
77647
81519
92224
56807
47843
20301
85266
86666
12914
35020
72772
27608
69052
3596
89447
22482
64148
96949
78451
13040
92005
52815
47742
82118
97920
23117
97415
85853
56784
17887
58336
22670
15329
54774
5650
649
56222
88869
58724
48791
59864
19890
95709
69522
27456
58277
8577
79759
92855
8281
15190
13012
79766
34289
13002
22597
1653
64905
63260
73300
11663
90420
78226
54298
82412
75912
73293
52653
36824
96813
15089
34736
4190
48543
20506
41510
71872
15616
72668
46448
82387
42768
45947
64981
32878
51390
96420
26042
44822
74759
83940
97320
41826
37372
98387
67956
54383
29483
32184
15120
96501
41747
51290
95762
25115
72289
26184
16980
30356
20064
54383
90849
35169
10763
48451
64064
86781
87805
79203
66640
74933
74073
31572
71918
43807
68292
48615
69755
62797
34111
28750
30246
54648
95193
83919
65513
56005
15137
17775
72568
20132
97859
43506
68661
12076
79165
10973
42955
62587
62244
41403
8983
91426
37516
58620
26907
10216
88685
16628
92319
6192
32475
54250
54129
3254
53661
55765
64745
96531
62887
10258
69079
33495
81590
47036
51065
71703
61844
93636
85510
49432
1692
88186
90838
19370
33266
20217
75836
54864
96574
66503
23609
85199
78121
7620
13668
28435
19366
61196
9288
62161
91624
53640
70233
97241
207
76892
92630
35585
10458
2731
70468
29001
86288
90291
80125
61914
44432
49710
83658
55845
24089
79076
37604
96679
73334
52763
82038
45826
79522
60749
52019
410
63864
78950
83079
65681
17539
57029
47098
41063
672
17123
29646
70209
97333
52541
18828
92069
64251
17538
8506
81460
78312
77174
89095
33968
55429
26810
51142
82400
25043
47474
25721
66699
67645
52722
36711
69743
88474
42475
99510
68276
68102
54075
36230
17882
48111
65924
61869
67985
21830
36336
85874
13271
94478
30916
31400
39145
70605
54072
69782
79529
46925
15716
42771
11307
57894
47738
19685
80598
92962
39612
28739
46180
53217
80160
4036
75346
96808
70168
70489
23426
4878
88643
3706
59042
16278
36307
39402
61168
32940
41397
73681
68489
43278
25753
64790
28846
59533
47461
10066
27086
54561
38678
48288
47117
30445
13752
64722
25824
47979
26551
36708
58602
3781
34463
60687
80798
49505
16758
45972
46208
59395
59694
33127
92863
98422
92616
85430
3813
59589
22175
80232
8871
5007
18794
38638
40630
93747
60675
34308
6083
50757
43031
19262
76598
19788
78515
28831
1528
86414
28306
20512
68469
79066
6646
76838
2616
44313
61349
43545
56801
26523
23511
77416
58776
38833
10827
72391
63368
52787
38690
84826
14162
39106
24740
42701
45546
22564
1574
85752
87592
2717
73353
92353
50182
75863
6753
8302
77016
36451
20628
56848
37882
15264
76522
58684
56524
91123
44368
81649
38914
55882
88117
26425
44328
26474
9148
63023
45986
31054
38338
24011
69855
86233
61369
28085
94229
89940
46565
85719
28906
11326
43754
33834
39057
60300
8933
58202
22363
16718
29787
18857
90377
45248
89402
86680
99267
48846
58923
1060
21557
31448
48591
75510
17234
41916
65941
71450
4714
6887
346
24972
75372
94462
96240
15566
93011
63466
21115
33560
56854
8603
17570
63359
54455
2288
25272
33917
58420
34609
22453
49017
11291
58611
22219
9794
73248
61118
66573
4770
66066
81452
36713
37831
42106
34793
75682
86412
82537
98642
59052
9562
44433
52371
42207
44028
52927
53664
63
27981
52581
75389
12061
60055
50054
73586
55969
62644
9745
98405
6647
16318
53913
17065
10101
23578
65139
97509
20082
43440
73593
29900
25815
12858
55506
73952
81329
86172
98474
97341
80568
15865
56805
3143
98916
32700
18021
44109
78306
10123
81542
1413
7688
98327
558
78982
93226
61238
82525
83293
20602
88187
35620
23922
17771
6385
55575
99501
99638
58863
99743
56258
336
25243
46758
32900
11384
86992
23043
50938
58778
765
36265
22655
70016
1070
76005
42427
42425
16504
21445
84444
37386
95688
12354
91345
58905
92160
99503
38438
61163
54143
43198
51655
17170
7964
28193
43349
11971
32129
67642
41670
535
62186
79280
30459
21243
58303
17300
75069
71101
71166
36267
79598
97124
17830
28711
59453
4316
34807
73535
95970
41591
30173
57586
72822
17906
91175
62724
5323
30002
11919
55085
88100
68378
24488
87597
65709
68599
2061
93125
11045
48364
19346
66382
76686
44935
20868
95524
42302
72227
90710
98435
51212
90256
58952
97155
66938
40590
45151
35525
15746
56223
9577
59813
20854
48456
19161
39551
3570
57913
91085
13656
52808
59284
10323
63288
42346
17328
29778
20860
89490
38351
83595
98237
47226
94758
39784
43413
7251
36613
74243
61396
74116
68890
50037
83453
90824
31826
10233
83024
29652
15903
42511
14359
15900
70763
76811
24322
38982
34308
83648
40718
68454
28236
89209
7498
69031
96098
966
27011
35745
48264
44576
94366
83805
10686
85761
57969
16906
6082
42484
54426
82645
55730
68598
51808
19215
51647
16453
18196
22491
96470
65481
29809
55577
27984
85599
87554
76924
35954
51414
60601
3364
66061
37663
51468
99629
25116
18194
22198
27872
72302
91970
1619
61488
3628
91956
36439
81310
62320
6926
73481
82470
41969
79897
91709
1901
13496
49331
82749
75876
28841
13220
89822
31675
83347
59064
56099
76165
49765
94401
89501
41051
94566
47688
37022
53623
62802
88279
79088
83144
48366
36290
11959
43779
69252
78463
42414
70111
25397
9405
62531
95903
41258
19227
80032
3021
50955
62559
51471
89318
43256
20850
11587
33558
82826
33999
24390
50343
63004
10568
71355
11614
13239
67841
89226
56444
45228
39909
50563
82857
92701
8376
19214
90449
74262
75620
3075
19285
94867
76903
6723
71729
99561
47222
97345
7039
13549
64525
83930
55168
23066
6520
52953
45102
88261
1056
97115
94158
73814
55167
96480
67576
41252
90407
43715
96409
74037
66087
69213
14245
3309
13582
1209
89514
52747
50458
11260
40559
90725
49398
89970
8256
32303
13250
40502
26814
9577
52377
83039
56460
77084
19979
92716
36992
3110
72435
27230
96447
25294
39590
95947
89248
77276
56053
82988
34933
71659
17019
88169
3446
43227
51826
14317
46714
70112
61683
48106
58957
49383
43105
45894
26901
58466
3915
49724
87799
34993
13030
75369
89434
4440
86545
52895
55462
11547
57247
95386
106
79616
13849
50638
20999
12197
98790
42140
7016
21601
447
11561
91314
17757
37904
77546
33708
61585
71447
34953
32985
24846
17176
96736
29713
68453
2144
69477
57330
20361
86687
13553
71093
36234
24678
46639
92927
21769
46341
19622
76818
51005
79163
60505
61221
75439
44415
17962
66723
73637
65161
90710
11388
6492
98860
36347
9640
84923
99003
38987
53038
45159
24447
18767
33877
86620
36432
82255
27547
49353
99746
47225
89275
33130
37906
95996
1269
35353
4667
38517
66360
36996
62537
48013
58290
18817
62633
61234
24651
10651
46900
49680
27734
24808
27282
66165
11416
81749
94706
95708
40843
45317
59513
14191
70926
49584
88782
38117
32360
12291
64735
86280
16878
73824
73512
5324
24238
18517
86857
96427
18507
90994
20804
80946
53374
8739
79841
11870
49668
6781
19554
12241
55691
2552
98083
53721
13212
79923
2557
48618
94811
25984
75081
67318
69670
96814
64412
85575
29499
7904
81091
28630
86129
60346
19506
54462
54917
15396
74825
44034
55615
30415
51911
88754
23310
4956
97618
32531
809
23154
43513
86025
40337
40629
3657
14506
4235
69036
16614
1029
78652
69314
26215
304
3660
88219
42361
36874
73323
34360
80301
77724
45253
45312
62389
26627
70173
87433
10715
65269
18540
3562
97009
7607
69464
62135
47296
4896
33219
66432
22609
75661
57829
85391
62245
52566
85003
98579
38208
82975
12730
68423
99446
43569
33343
49010
3084
50825
30757
69519
93254
57279
15165
29467
74813
76499
98025
13305
2979
92326
34020
39898
6116
96859
34076
97764
18198
35621
57810
27143
79648
49012
59680
34070
61019
85332
45805
27642
87606
70574
15887
55573
62188
47674
31490
7813
6283
18496
43903
30958
61199
62220
470
96967
83035
32323
79167
96700
1519
71211
32561
91295
50558
7282
23345
59417
30801
97666
75314
4700
60094
48854
4801
39458
82109
40340
29198
79496
1848
79538
16823
93889
58784
79136
18339
37826
25328
55000
1367
33199
46958
54122
79420
95131
96792
61426
85844
75584
96627
58784
6903
36528
5211
92884
2183
14239
29543
29643
33948
89837
74238
48471
74327
50975
80534
45393
55970
75963
85981
59526
15694
33869
25552
63858
55849
21031
74910
20929
1526
64150
16762
49138
47597
51471
55357
38176
91396
37513
90560
29645
4137
73493
2146
15780
27823
57280
48493
56357
14551
24865
11701
94667
25444
28203
9958
21439
66897
45546
16837
82006
73093
55295
63892
49089
86818
45111
27464
24259
51764
53173
62284
29534
58186
29698
95471
52586
81707
60562
4003
91732
31426
73715
91652
28758
9800
83518
92831
4593
52484
41274
84002
8041
83494
64662
81558
48180
34035
81610
62697
45868
40932
45547
11558
27547
60837
16410
34401
21845
50086
85183
52246
54239
30500
18458
31891
83708
80586
38697
89904
85291
48914
46749
33464
94709
56607
86037
31771
64095
40048
90677
54169
88643
78035
76060
17125
81732
59445
77240
56262
36797
43111
82661
8825
91712
65362
40995
60266
65728
30362
15113
93394
68646
19187
32222
29184
38275
69335
62279
78204
78945
91150
88949
35463
6670
78836
4874
14330
43501
72544
12084
53559
77782
96443
23704
39468
52632
49219
5143
93475
69120
19150
61671
93767
85873
55234
9342
46764
63201
16181
6993
89248
30609
92260
8068
27843
33203
73027
25752
94198
88854
73301
50231
69080
17485
86486
65540
53846
97974
8024
577
78565
60189
24673
92362
88508
98008
37828
35538
75035
95327
57799
76254
76313
53926
26190
58230
97154
73261
75967
27808
66293
96348
51418
40703
17631
69122
6806
194
2145
43434
48043
45652
29160
3685
2876
30361
22247
6327
93693
67793
23497
31843
25342
3242
51652
23141
17047
86129
81438
31100
92706
60295
10751
91576
87872
50529
86843
66799
28747
40839
39118
10058
55980
29944
47664
34018
16532
48304
30472
47507
18872
12294
5652
46186
73771
41985
52585
60643
47410
61642
56788
55087
5336
72867
29841
2792
53335
58581
69195
1299
31350
34400
9006
48337
84053
62003
4009
42570
67835
25819
18977
63529
4647
12632
41815
13510
42733
65365
3930
89213
71845
89535
6279
71659
23587
21666
52889
72654
12706
23937
22513
94048
1433
31692
98569
66382
95754
39782
85054
64692
62636
47978
97374
11107
13463
63761
98198
95728
69483
37600
89709
34496
12486
4318
38356
71736
83672
70324
14923
27409
93730
5595
71478
13178
49241
15591
43962
48675
2603
93407
19571
26435
41865
48997
32278
34300
70524
87830
17130
2037
48750
70918
90237
18251
93122
559
51060
57544
73030
28556
96189
75315
37202
53155
17545
96697
53020
37056
51052
17084
56390
6038
95035
94015
12788
33090
12726
22176
51971
39146
28346
67253
72015
83487
14793
74128
87006
67543
7209
3685
57741
95842
45091
18145
31981
66842
99554
38498
10648
35003
82139
1688
34364
55157
64588
75719
86191
89978
39086
1465
45427
7559
46131
93192
47607
5006
49788
72451
13927
31070
82065
83445
81556
68265
88238
32744
99806
33976
41616
27762
75611
39776
90005
7049
88454
64944
1732
99173
75635
440
76300
67132
41062
11106
22857
48672
86200
9560
17384
10808
27904
50066
91550
70366
50270
39728
12935
23601
53566
64135
48038
1066
8866
93791
61185
45632
73524
93479
93873
72358
49059
40079
43019
88500
26139
31430
85595
5812
63258
55088
75876
312
23442
81590
96702
83740
69402
23017
91956
14488
16890
7954
35634
88579
17846
89665
1771
49574
28273
84559
28957
80892
21186
57142
55104
38422
30074
65955
64289
61632
33508
85830
51078
38132
65154
85680
54492
94635
88460
74763
57150
67899
14771
16148
61082
56093
60182
2301
40632
12755
48561
67121
33353
96816
96656
73399
48175
20761
24506
89984
25396
76559
10491
15974
12841
74462
18688
98501
84846
76182
94879
71558
2575
69046
53530
28676
55117
23821
39253
21126
10836
67669
84572
145
54282
23230
6616
25566
58119
43629
57556
61767
58801
10387
58228
25158
80607
52821
93176
73711
93952
26221
95333
68992
24004
86287
35134
49551
37014
45836
57197
73411
72558
703
43001
24620
3114
52917
50845
828
63051
12258
9511
48689
15123
33312
31124
3706
76607
94773
31139
44277
81014
57408
31237
18580
44664
81860
78620
85864
1195
54713
65914
31882
57888
34094
52492
89791
75850
72129
31682
33262
35596
17702
97476
266
98469
43210
11309
85597
19370
57572
22688
98855
62191
66714
71118
72743
33190
94925
39489
37845
7254
6760
61442
99342
19805
99108
49860
4351
2392
1905
2773
97734
90800
80528
69930
46228
63431
25310
68952
56632
536
57084
18234
21746
85044
31973
76504
92294
86236
39269
77071
95868
37270
60072
74292
11321
44081
35485
11723
32153
82334
33265
34397
74022
94222
46045
67694
78326
83352
53680
48590
2820
4658
9012
44333
44676
23788
87960
19182
65135
34639
71325
94588
99936
27138
71790
94912
3109
89473
90452
11072
67203
31099
65009
23578
24636
40661
32267
11167
22137
60472
95558
94258
16589
350
12213
99638
36358
63324
85874
61354
35893
60615
14921
41269
24627
81461
21219
90378
18874
92019
60641
91268
12235
12811
75741
84258
229
87314
21425
25463
70640
76143
49405
72890
54114
60884
35664
74587
22420
74442
20729
45911
32430
43864
62974
81550
98000
87158
68876
3111
41683
65880
95216
37292
13099
17623
66380
17008
21981
63717
14426
96829
77486
99488
11121
36197
90376
93612
74564
48757
38350
13778
50320
68084
63526
721
19864
77679
25982
12707
38440
18557
22744
33375
83492
43927
94668
50053
13734
53169
66513
57015
76555
41645
39814
95719
35755
35606
44064
89096
16770
96954
74288
28004
79761
49275
29967
83462
90103
45020
57269
9164
15551
69832
48762
46569
56670
96500
39127
94244
50802
69880
56740
20170
55319
14887
15319
42812
76025
32241
684
40076
28315
75181
39898
45308
67784
25581
45979
47620
52001
48415
65261
52434
81601
37646
52221
85980
7972
44519
84751
92632
42596
21210
65934
25610
61964
57594
80181
23673
89866
95799
15809
19089
52988
61246
59141
12043
8385
20041
76860
49793
6750
78560
1810
76488
69890
61755
8661
93858
53794
25047
70891
39534
32744
7683
38990
82075
18859
2877
41153
92366
24451
71303
72933
14638
87502
93040
93089
49031
85649
47716
90075
16734
41355
74493
78681
47944
87598
94092
50445
89740
25530
47013
82080
13244
11820
75118
70281
58104
40715
84423
40343
86566
39484
41468
88182
28325
85120
47575
17021
19832
82087
9392
46656
3431
44792
56429
89920
20159
31443
22456
83129
17193
65246
23325
65478
99793
21605
71197
36768
44109
44971
36010
34337
38724
19308
23112
56239
10462
18493
20177
97876
35651
67869
56488
8597
47475
35348
80482
33239
74810
96974
30951
57899
4102
90311
48289
98823
58839
17030
39670
2908
71314
59377
32090
57371
57041
99915
36848
179
8232
37144
52019
26856
98008
76164
43342
72781
72499
80760
14469
42173
76371
3027
92741
95431
84736
76996
61494
20837
80153
78816
8174
37200
84954
26758
48906
55882
67797
88072
53018
15588
83211
54796
55604
55581
34220
10700
47466
15178
30326
44656
36711
21050
17628
11130
77101
89024
45091
16681
54229
28996
55015
95626
25251
42890
98928
46079
71378
69761
20754
27040
92104
95384
24519
7920
22543
39118
60182
66391
5988
76296
92424
77273
59347
9345
18479
40699
35071
99298
34785
8195
43628
64858
94551
60022
57713
77095
25225
5370
41038
1835
67788
55898
27108
63734
26603
85846
42836
10065
17497
6711
53655
38762
64911
50225
54425
23317
24021
98782
13439
37827
38759
59840
62303
56973
331
57095
85135
1444
60638
28946
58661
21678
21518
51780
44735
47249
79989
73061
30326
61732
42032
40772
9931
33028
52629
27175
66384
79979
79870
76484
48105
30758
22281
22599
10145
20138
85720
38734
63022
14072
72515
83660
91772
76260
38366
91834
25397
96811
53538
1524
48621
52531
55747
56460
49729
32607
6912
94615
91591
14695
16707
46832
77077
54241
70114
27055
6657
50035
35549
84917
87941
17795
67508
38693
2317
10620
34771
73569
51900
28713
26394
26689
50895
16620
11610
25461
4970
98142
85257
97229
24089
85036
93273
56955
67670
19675
35104
92446
60069
61741
2081
63891
49435
12338
70814
35915
87559
50879
59113
85205
65684
64109
13282
50126
92641
74136
59887
64717
95563
80126
19935
5243
32017
98535
14606
1160
7955
81965
4944
74292
49509
88506
74008
91203
48621
44948
69652
97711
45619
97905
97827
98803
60508
25345
54810
36744
99742
91863
27920
53227
7360
2050
80453
28431
20425
28972
94377
41196
44283
99789
66
1754
39693
2521
3048
90974
52485
27304
9216
7362
66951
43031
57896
48674
85397
71584
45590
42453
61477
98296
58182
66237
51583
1067
15857
13884
54767
88263
21878
94096
36601
79820
42780
75232
45928
51174
9542
73257
8359
67723
17166
74954
61521
50435
16877
63702
47898
31245
65101
22018
53823
75971
35145
38911
47171
17086
94317
31371
84303
28380
10864
36804
26264
72720
12886
56311
48113
5876
27404
73557
87408
27444
26405
63509
21259
88320
52742
41046
46588
97396
99761
36862
22760
24156
11148
44091
61044
75161
17297
51010
45972
14492
72358
26534
94678
9061
26066
81793
72118
83600
62516
12091
5447
1515
28395
66631
82104
79080
729
32192
39686
29171
38015
55281
68382
12692
84342
68403
49406
57093
94064
84798
61701
39358
29671
13360
44326
65321
63086
37775
34489
84133
31350
82025
71441
50803
32187
72174
99417
29239
81120
95952
14536
49607
54564
4071
18044
67092
60803
88815
29219
92616
38238
7408
57031
84101
77741
59534
26942
57834
15780
60726
78578
30613
69241
63037
82639
25856
36863
13541
88247
53621
12549
6371
10391
58317
28168
85097
43953
50699
7817
67346
49068
85586
65223
58280
63379
99212
38659
34935
92336
40203
32609
16711
46876
9408
93042
80801
25995
13403
95838
90240
51321
6172
37077
77980
32824
16409
16109
90478
45185
52719
70653
51860
49116
68117
51262
49990
75174
54462
20517
42867
81360
7919
9091
97306
10903
36732
28015
65562
12724
33349
28240
35843
27118
82816
57683
56763
67673
59285
51096
87149
56087
66014
95616
23339
63463
12676
2275
85080
63753
37084
90543
5899
96330
44115
95709
41804
831
68088
64637
11075
67661
59423
93323
81842
10707
18540
16242
33508
41407
31548
15272
87875
40034
8129
28301
38955
48683
20878
43200
88892
95521
79145
85629
83954
79059
84504
66971
13199
23591
93808
16376
50354
45639
89579
7629
38724
21542
80026
88452
29648
61804
71500
39711
20874
38566
88703
95661
65021
94780
18303
95952
26524
2093
55203
60354
37097
74418
11509
242
24710
30110
73708
83586
81152
61074
84294
82252
58088
74006
46115
80434
60431
16612
26870
52702
13302
47400
1037
98520
14202
32340
58530
11350
62004
3889
76966
32700
7323
33403
5238
67453
47936
95143
92938
43636
79345
68711
9732
77248
49815
63849
87968
15695
40863
81681
4592
19145
44979
67550
10853
85391
71711
45732
11992
62946
58509
16170
51911
65277
1748
53518
41745
27077
43826
23351
46773
90714
71531
8359
6590
66086
98553
85377
47828
63837
78766
97075
27223
34211
25451
16881
45913
66689
37921
86476
247
94186
76307
99413
8635
51438
33300
7965
71898
79709
14519
80814
66722
45160
37317
15833
54181
38777
5974
49676
13073
98641
55318
71204
36994
9477
58236
76648
71343
87086
32328
47437
22136
34028
820
92276
78431
31498
35035
18527
28952
80564
41037
67014
61516
73493
45321
79929
79705
6158
41151
4025
86595
87937
43625
62119
8223
74612
51276
91636
21293
86653
98131
60549
43654
2091
51982
16103
3857
72459
64671
70345
76771
86765
86383
40086
22522
82653
71310
97201
39636
18551
14490
32226
10697
95670
18631
59109
13092
44519
24612
79575
29032
71776
3670
60685
48158
19621
79830
15382
57589
45369
63358
18402
79883
2234
13427
71927
50734
90685
81163
56286
54710
46093
92515
61976
12150
60852
83769
71261
33664
43869
24350
82611
6950
64746
14147
21154
57504
56138
81439
53078
17129
36811
49563
69190
47607
89389
9235
62125
45567
95494
4253
37376
71060
10067
13680
4149
87015
4448
57772
82610
10964
6544
14372
77006
40553
36852
97386
14900
79510
10882
70881
65673
68826
57362
99920
29954
96904
85765
18826
90614
56416
11312
13104
5201
86459
46425
78506
45628
19191
89496
22172
30838
47230
40554
5616
11408
68347
12638
43635
74728
35435
24938
40647
39457
99495
97118